P=[1/3 1/3 1/3; 1/2 1/2 0; 0 0 1];
P100 = P^100

P8 = P^8; 
prob8 = P8(1,3)

P20 = P^20;
prob20 = 1-P20(1,3)
